//abadddon
2335437073 
2168749997
2388868330
2367896204
2367524102
2379290244
2259965739
2092643705
2336946587
2005569381

//alchemist
2436919033
2436909053
2436896688
2436911624
2436891944
2436900445
2436904820
2436927081
2436936845
2436937404

//ancient apparation
2384953909
1875524697
2436963062
2436945255
2436950235
2436928362
2436940737
2436944437
2436947408
2436952193

//Anti-mage
2436938953
2436985466
2436984107
2436944187
2436964041
2436990208
2436989828
2436957137
2339255379
2176894866

//arc-warden
2089119512
2437003852
2436993639
2436975469
2436968093
2436980486
2436979050
2437001117
2368457295
2306245129

//axe
2437008877
2437017603
2437011498
2437020361
2437013619
2437001387
2437013675
2436999430 
2437018935
2437009458

//bane
2437076602
2466969084
2466994510
2466988344
2467004343
2467034344
2467006138
2467012659
2376428631
2467032429

//batrider
2467013276
2467067444
2467021557
2467029176
2367992057
2467008674
2467003916
2467023418
2467000557
2467012727

//beastmaster
2467062801
2467034232
2467050806
2467042639
2467064205
2467047273
2467086537
2467054535
2467046301
2467049497

//bloodseeker
2496206036
2496208762
2496209004
2496196665
2496187678
2496181580
2496188132
2496211311
2496202682
2496180629

//bounty hunter
2459355386
2289257619
2208940939
2454696650
2427596357
2181297152
2459157931
2496213129
2496210856
2496195534

//brewmaster
2496227436
2496215167
2496215094
2496233382
2496216247
2496224354
2496210997
2498663675
2498669541
2498667876

//bristleback
2498663247
2498688961
2498671846
2498667927
2498681253
2498645153
2498682768
2498635496
2426838920
2384361740

//broodmother
2498707713
2498695489
2498684717
2498681855
2498706976
2498700548
2498689814
2498680825
2498687935
2498690760

//centaur
2339255379
2271522282
2398701017
2289422297
2264180595
2498729239
2498718542
2498702962
2498719489
2498706114

//chaos knight
2498747322
2500886800
2500877988
2500854631
2500854025
2500848495
2500889879
2500875419
2500898720
2500861292

//chen
2500943720
2500961546
2500936070
2500908212
2500908869
2500942897
2500930420
2500906936
2500969507
2500931665

//clinkz
2500936610
2500969731
2500952186
2500963482
2500980051
2502621395
2502582071
2502614484
2502620974
2502608358

//clockwerk
2502616434
2502619188
2502605431
2502610383
2502588312
2502614795
2502610975
2502613276
2502609988
2502615931

//crystal maiden
2511429011
2511438339
2511440779
2511430958
2511436346
2511422410
2511447860
2511427534
2482949370
2508516093

//dark seer
2517695443
2517677444
2517706518
2517704060
2517696355
2517690645
2517699242
2517676397
2517687164
2528659478

//dazzle
2549747475
2549750498
2549798646
2549771831
2549756794
2549738474
2549743289
2549744879
2549725255
2549744825

//death prophet
2549801535
2549785619
2549758663
2549773525
2549781637
2549753766
2549754222
2549753629
2549756865
2549751609


3060636370
3107502237
3104182245
3106151354
3107444111
3104111315
3103968890
3103871149
3099095027
3098705098
3097495195
3097429105
3097328954
3097265409
3097198026
3091974850
3091883056
3090390252
3090316256
3090259368
3082602118
3082013209
3081935035
3081833741
3080986170
3080719044
3078581990
3078441570
3078275409
3077356247
3077226204
3075849534
3075799754
3073116876
3073019389
3072138602
3072084805
3072034723
3061691814
3061626014
3061559121
3060717509
3059906077
3059810345
3059717032
3059641359
3050208334
3050120747
3050038499
3049986179
3049156770
3048933932
3048830717
3035680302
3035618023
3035567289
3035485545
3032926876
3032825404
3032744800
3032658202
3032557850
3032057923
3031889760
3031784045
3031701277
3021568155
3005166645
3005033543
3004964025
3004146025
3003935200
3003807650
3001891250
3001788922
3001699078
2998987665
2998930820
2998873638
2998796809
2998158382
2998099281
2998017504
2992999772
2992915876
2992814697
2992753963
2991976593
2990136454
2989637403
2989555528
2989450325
2975890319
2975774604
2971178631
2971016878
2970667252
2950087394
2944769885
2944371996
2944200630
2931036088
2930967253
2930909461
2930245829
2930167084
2930077329
2929960983
2928896128
2928838523
2919659079
2918923881
2918846941
2918797526
2918706181
2917486703
2917305086
2916736655
2916568634
3344855801
3344933572
3344775478
3344641408
3335049003
3330371694
3329862921
3329781669
3329666137
3328931526
3328264194
3328190645
3327527168
3315641362
3315523887
3293849909
3469083205
3469081206
3469080705
3469073909
3469068107
3469067708
3469067406
3469067207
3469066608
3469065504
3469065106
3469064904
3469063902
3469063708
3469063207
3469062905
3469062306
3469062202
3469062102
3469061900
3469061303
3469060003
3469059809
3469059803
3469059507
3469059502
3469059200
3469058607
3469058003
3469057800
3469057407
3469057302
3469057202
3469056901
3469056202
3469055704
3469055606
3469055502
3469054408
3469054109
3469054104
3469053800
3469053602
3469053503
3469053501
3469053407
3469053305
3469053103
3469052603
3469052602
3469052506
3469052300
3469051904
3469051808
3469051807
3469051704
3469051406
3469051403
3469051401
3469051101
3469050804
3469050402
3469050205
3469050107
3469050008
3469050006
3469050003
3469049903
3469049704
3469049509
3469049409
3469049406
3469049404
3469049403
3469049305
3469049203
3469049107
3469049100
3469049002
3469048807
3469048803
3469048603
3469048602
3469048502
3469048104
3469048102
3469047804
3469047305
3469047201
3469047200
3469047006
3469046900
3469046504
3469046503
3469046303
3469046204
3469046101
3469046003
3469045907
3469045902